>> num = [ 5 7 8 30 ];
>> den = [ 1 15 62 85 25 ];
>> [c,p,k] = residue (num,den)

c =

    8.9278
   -4.6370
    0.0578
    0.6514

p =

   -9.2690
   -3.2633
   -2.0680
   -0.3997

k =

     []

>> [num,den] = residue (c,p,k)
num =

    5.0000    7.0000    8.0000   30.0000

den =

    1.0000   15.0000   62.0000   85.0000   25.0000

>> printsys (num,den)
num/den = 
 
        5 s^3 + 7 s^2 + 8 s + 30
   ---------------------------------
   s^4 + 15 s^3 + 62 s^2 + 85 s + 25

